91363
24120
122601
122600
149582
149592
45817
122599
48235
137347
137346
137345
143103
143102
143101
143100
143099
143098
143097
78124
9146
93848
51643
51642
138893
138892
138891
94514
94513
94512
94511
143094
28969
28966
147526
147525
94697
143096
143095
94696
138870
14719
14715
14718
14705
14706
14704
14702
14703
14693
27
94515
28
31
32
24
4759
4758
4765
4760
76560
143106
137340
6996
6994
6995
9739
9717
156056
156055
148849
148852
145047
147488
147487
48236
36605
91356
78122
45818
149583
69947
149587
149586
